execute if entity @s[tag=aj.neco_arc.bone.l_arm] run data modify entity @s {} merge value {transformation:[-0.999999960534242f,0.0002503450031519481f,0.00012751036729682168f,-0.125f,0.0002672099042943874f,0.9876882215918616f,0.15643498818222415f,0.8125f,-0.00008677777030036898f,0.15643501608043184f,-0.9876882495066617f,-1.5308084989341915e-17f,0f,0f,0f,1f],start_interpolation:0}
execute if entity @s[tag=aj.neco_arc.bone.r_arm] run data modify entity @s {} merge value {transformation:[-1f,1.915769668878474e-17f,1.2095693648649962e-16f,0.125f,0f,0.9876883405951377f,-0.15643446504023098f,0.8125f,-1.2246467991473532e-16f,-0.15643446504023098f,-0.9876883405951377f,1.5308084989341915e-17f,0f,0f,0f,1f],start_interpolation:0}
execute if entity @s[tag=aj.neco_arc.bone.l_legs] run data modify entity @s {} merge value {transformation:[-1f,1.915769668878474e-17f,1.2095693648649962e-16f,-0.125f,0f,0.9876883405951377f,-0.15643446504023098f,0.375f,-1.2246467991473532e-16f,-0.15643446504023098f,-0.9876883405951377f,-1.5308084989341915e-17f,0f,0f,0f,1f],start_interpolation:0}
execute if entity @s[tag=aj.neco_arc.bone.r_legs] run data modify entity @s {} merge value {transformation:[-1f,-1.915769668878474e-17f,1.2095693648649962e-16f,0.125f,0f,0.9876883405951377f,0.15643446504023098f,0.375f,-1.2246467991473532e-16f,0.15643446504023098f,-0.9876883405951377f,1.5308084989341915e-17f,0f,0f,0f,1f],start_interpolation:0}