execute if entity @s[tag=aj.neco_arc.bone.l_arm] run data modify entity @s {} merge value {transformation:[-0.9999999112020456f,0.00042142128220500904f,-6.24120809979867e-8f,-0.125f,0.00040081484859293457f,0.9510566826592244f,-0.30901622241670174f,0.8125f,-0.00013016665524628288f,-0.309016195001709f,-0.9510567671192438f,-1.5308084989341915e-17f,0f,0f,0f,1f],start_interpolation:0}
execute if entity @s[tag=aj.neco_arc.bone.r_arm] run data modify entity @s {} merge value {transformation:[-1f,-3.78436673043415e-17f,1.1647083184890926e-16f,0.125f,0f,0.9510565162951536f,0.3090169943749474f,0.8125f,-1.2246467991473532e-16f,0.3090169943749474f,-0.9510565162951536f,1.5308084989341915e-17f,0f,0f,0f,1f],start_interpolation:0}
execute if entity @s[tag=aj.neco_arc.bone.l_legs] run data modify entity @s {} merge value {transformation:[-1f,-3.78436673043415e-17f,1.1647083184890926e-16f,-0.125f,0f,0.9510565162951536f,0.3090169943749474f,0.375f,-1.2246467991473532e-16f,0.3090169943749474f,-0.9510565162951536f,-1.5308084989341915e-17f,0f,0f,0f,1f],start_interpolation:0}
execute if entity @s[tag=aj.neco_arc.bone.r_legs] run data modify entity @s {} merge value {transformation:[-1f,3.78436673043415e-17f,1.1647083184890926e-16f,0.125f,0f,0.9510565162951536f,-0.3090169943749474f,0.375f,-1.2246467991473532e-16f,-0.3090169943749474f,-0.9510565162951536f,1.5308084989341915e-17f,0f,0f,0f,1f],start_interpolation:0}