execute if entity @s[tag=aj.neco_arc.bone.l_arm] run data modify entity @s {} merge value {transformation:[-0.999999960534242f,0.00027748207541824366f,-0.00004399104673570755f,-0.125f,0.00026720990429438706f,0.8910067354078436f,-0.45399000656041333f,0.8125f,-0.00008677777030036889f,-0.45399000039819704f,-0.8910067743895462f,-1.5308084989341915e-17f,0f,0f,0f,1f],start_interpolation:0}
execute if entity @s[tag=aj.neco_arc.bone.r_arm] run data modify entity @s {} merge value {transformation:[-1f,-5.559780123493433e-17f,1.0911682878666935e-16f,0.125f,0f,0.8910065241883679f,0.4539904997395468f,0.8125f,-1.2246467991473532e-16f,0.4539904997395468f,-0.8910065241883679f,1.5308084989341915e-17f,0f,0f,0f,1f],start_interpolation:0}
execute if entity @s[tag=aj.neco_arc.bone.l_legs] run data modify entity @s {} merge value {transformation:[-1f,-5.559780123493433e-17f,1.0911682878666935e-16f,-0.125f,0f,0.8910065241883679f,0.4539904997395468f,0.375f,-1.2246467991473532e-16f,0.4539904997395468f,-0.8910065241883679f,-1.5308084989341915e-17f,0f,0f,0f,1f],start_interpolation:0}
execute if entity @s[tag=aj.neco_arc.bone.r_legs] run data modify entity @s {} merge value {transformation:[-1f,5.559780123493433e-17f,1.0911682878666935e-16f,0.125f,0f,0.8910065241883679f,-0.4539904997395468f,0.375f,-1.2246467991473532e-16f,-0.4539904997395468f,-0.8910065241883679f,1.5308084989341915e-17f,0f,0f,0f,1f],start_interpolation:0}