execute if entity @s[tag=aj.neco_arc.bone.l_arm] run data modify entity @s {} merge value {transformation:[-0.9999990133562604f,0.0006379204493167375f,0.0012515366578946612f,-0.125f,0.0013360490191586425f,0.7071045853768627f,0.7071077147875234f,0.8125f,-0.0004338888384319606f,0.7071086892384476f,-0.7071047400095409f,-1.5308084989341915e-17f,0f,0f,0f,1f],start_interpolation:0}
execute if entity @s[tag=aj.neco_arc.bone.r_arm] run data modify entity @s {} merge value {transformation:[-1f,8.659560562354934e-17f,8.659560562354932e-17f,0.125f,0f,0.7071067811865475f,-0.7071067811865476f,0.8125f,-1.2246467991473532e-16f,-0.7071067811865476f,-0.7071067811865475f,1.5308084989341915e-17f,0f,0f,0f,1f],start_interpolation:0}
execute if entity @s[tag=aj.neco_arc.bone.l_legs] run data modify entity @s {} merge value {transformation:[-1f,8.659560562354934e-17f,8.659560562354932e-17f,-0.125f,0f,0.7071067811865475f,-0.7071067811865476f,0.375f,-1.2246467991473532e-16f,-0.7071067811865476f,-0.7071067811865475f,-1.5308084989341915e-17f,0f,0f,0f,1f],start_interpolation:0}
execute if entity @s[tag=aj.neco_arc.bone.r_legs] run data modify entity @s {} merge value {transformation:[-1f,-8.659560562354934e-17f,8.659560562354932e-17f,0.125f,0f,0.7071067811865475f,0.7071067811865476f,0.375f,-1.2246467991473532e-16f,0.7071067811865476f,-0.7071067811865475f,1.5308084989341915e-17f,0f,0f,0f,1f],start_interpolation:0}