execute if entity @s[tag=aj.neco_arc.bone.l_arm] run data modify entity @s {} merge value {transformation:[-0.999999516544513f,0.0007956044993506116f,0.0005778617661369596f,-0.125f,0.0009352345002087937f,0.9510555840867241f,0.3090184481772728f,0.8125f,-0.00030372219176259f,0.3090188392168685f,-0.9510558683704599f,-1.5308084989341915e-17f,0f,0f,0f,1f],start_interpolation:0}
execute if entity @s[tag=aj.neco_arc.bone.r_arm] run data modify entity @s {} merge value {transformation:[-1f,3.7843667304341493e-17f,1.1647083184890926e-16f,0.125f,0f,0.9510565162951536f,-0.30901699437494734f,0.8125f,-1.2246467991473532e-16f,-0.30901699437494734f,-0.9510565162951536f,1.5308084989341915e-17f,0f,0f,0f,1f],start_interpolation:0}
execute if entity @s[tag=aj.neco_arc.bone.l_legs] run data modify entity @s {} merge value {transformation:[-1f,3.7843667304341493e-17f,1.1647083184890926e-16f,-0.125f,0f,0.9510565162951536f,-0.30901699437494734f,0.375f,-1.2246467991473532e-16f,-0.30901699437494734f,-0.9510565162951536f,-1.5308084989341915e-17f,0f,0f,0f,1f],start_interpolation:0}
execute if entity @s[tag=aj.neco_arc.bone.r_legs] run data modify entity @s {} merge value {transformation:[-1f,-3.7843667304341493e-17f,1.1647083184890926e-16f,0.125f,0f,0.9510565162951536f,0.30901699437494734f,0.375f,-1.2246467991473532e-16f,0.30901699437494734f,-0.9510565162951536f,1.5308084989341915e-17f,0f,0f,0f,1f],start_interpolation:0}