execute if entity @s[tag=aj.neco_arc.bone.l_arm] run data modify entity @s {} merge value {transformation:[-0.9999996448082035f,0.0007510345188276133f,0.00038253185284685957f,-0.125f,0.0008016296124204936f,0.9876877937828753f,0.15643586354247802f,0.8125f,-0.0002603333082869831f,0.15643611462660356f,-0.9876880450157837f,-1.5308084989341915e-17f,0f,0f,0f,1f],start_interpolation:0}
execute if entity @s[tag=aj.neco_arc.bone.r_arm] run data modify entity @s {} merge value {transformation:[-1f,1.915769668878474e-17f,1.2095693648649962e-16f,0.125f,0f,0.9876883405951377f,-0.15643446504023098f,0.8125f,-1.2246467991473532e-16f,-0.15643446504023098f,-0.9876883405951377f,1.5308084989341915e-17f,0f,0f,0f,1f],start_interpolation:0}
execute if entity @s[tag=aj.neco_arc.bone.l_legs] run data modify entity @s {} merge value {transformation:[-1f,1.915769668878474e-17f,1.2095693648649962e-16f,-0.125f,0f,0.9876883405951377f,-0.15643446504023098f,0.375f,-1.2246467991473532e-16f,-0.15643446504023098f,-0.9876883405951377f,-1.5308084989341915e-17f,0f,0f,0f,1f],start_interpolation:0}
execute if entity @s[tag=aj.neco_arc.bone.r_legs] run data modify entity @s {} merge value {transformation:[-1f,-1.915769668878474e-17f,1.2095693648649962e-16f,0.125f,0f,0.9876883405951377f,0.15643446504023098f,0.375f,-1.2246467991473532e-16f,0.15643446504023098f,-0.9876883405951377f,1.5308084989341915e-17f,0f,0f,0f,1f],start_interpolation:0}