execute if entity @s[tag=aj.neco_arc.bone.l_arm] run data modify entity @s {} merge value {transformation:[-0.9999993685479563f,0.0006606805785301508f,0.0009090681281758102f,-0.125f,0.0010688393660208888f,0.8090154372035391f,0.58778642375337f,0.8125f,-0.0003471110746664111f,0.5877870242422333f,-0.8090156325104987f,-1.5308084989341915e-17f,0f,0f,0f,1f],start_interpolation:0}
execute if entity @s[tag=aj.neco_arc.bone.r_arm] run data modify entity @s {} merge value {transformation:[-1f,7.198293278059965e-17f,9.907600726170918e-17f,0.125f,0f,0.8090169943749476f,-0.587785252292473f,0.8125f,-1.2246467991473532e-16f,-0.587785252292473f,-0.8090169943749476f,1.5308084989341915e-17f,0f,0f,0f,1f],start_interpolation:0}
execute if entity @s[tag=aj.neco_arc.bone.l_legs] run data modify entity @s {} merge value {transformation:[-1f,7.198293278059965e-17f,9.907600726170918e-17f,-0.125f,0f,0.8090169943749476f,-0.587785252292473f,0.375f,-1.2246467991473532e-16f,-0.587785252292473f,-0.8090169943749476f,-1.5308084989341915e-17f,0f,0f,0f,1f],start_interpolation:0}
execute if entity @s[tag=aj.neco_arc.bone.r_legs] run data modify entity @s {} merge value {transformation:[-1f,-7.198293278059965e-17f,9.907600726170918e-17f,0.125f,0f,0.8090169943749476f,0.587785252292473f,0.375f,-1.2246467991473532e-16f,0.587785252292473f,-0.8090169943749476f,1.5308084989341915e-17f,0f,0f,0f,1f],start_interpolation:0}