execute if entity @s[tag=aj.neco_arc.bone.l_arm] run data modify entity @s {} merge value {transformation:[-0.9999992008185373f,0.0007432653521047194f,0.0010227017663916955f,-0.125f,0.0012024442067173236f,0.8090152082382908f,0.5877864807624319f,0.8125f,-0.00039049995691676256f,0.5877872407561867f,-0.8090154554234501f,-1.5308084989341915e-17f,0f,0f,0f,1f],start_interpolation:0}
execute if entity @s[tag=aj.neco_arc.bone.r_arm] run data modify entity @s {} merge value {transformation:[-1f,7.198293278059964e-17f,9.907600726170918e-17f,0.125f,0f,0.8090169943749476f,-0.5877852522924729f,0.8125f,-1.2246467991473532e-16f,-0.5877852522924729f,-0.8090169943749476f,1.5308084989341915e-17f,0f,0f,0f,1f],start_interpolation:0}
execute if entity @s[tag=aj.neco_arc.bone.l_legs] run data modify entity @s {} merge value {transformation:[-1f,7.198293278059964e-17f,9.907600726170918e-17f,-0.125f,0f,0.8090169943749476f,-0.5877852522924729f,0.375f,-1.2246467991473532e-16f,-0.5877852522924729f,-0.8090169943749476f,-1.5308084989341915e-17f,0f,0f,0f,1f],start_interpolation:0}
execute if entity @s[tag=aj.neco_arc.bone.r_legs] run data modify entity @s {} merge value {transformation:[-1f,-7.198293278059964e-17f,9.907600726170918e-17f,0.125f,0f,0.8090169943749476f,0.5877852522924729f,0.375f,-1.2246467991473532e-16f,0.5877852522924729f,-0.8090169943749476f,1.5308084989341915e-17f,0f,0f,0f,1f],start_interpolation:0}