execute if entity @s[tag=aj.neco_arc.bone.l_arm] run data modify entity @s {} merge value {transformation:[-0.9999999901335604f,0.00013359203692009307f,-0.00004342863902273417f,-0.125f,0.0001336049537169228f,0.8090171478875579f,-0.5877850258160696f,0.8125f,-0.000043388885191087536f,-0.5877850258190055f,-0.8090171577539971f,-1.5308084989341915e-17f,0f,0f,0f,1f],start_interpolation:0}
execute if entity @s[tag=aj.neco_arc.bone.r_arm] run data modify entity @s {} merge value {transformation:[-1f,-7.198293278059965e-17f,9.907600726170916e-17f,0.125f,0f,0.8090169943749475f,0.587785252292473f,0.8125f,-1.2246467991473532e-16f,0.587785252292473f,-0.8090169943749475f,1.5308084989341915e-17f,0f,0f,0f,1f],start_interpolation:0}
execute if entity @s[tag=aj.neco_arc.bone.l_legs] run data modify entity @s {} merge value {transformation:[-1f,-7.198293278059965e-17f,9.907600726170916e-17f,-0.125f,0f,0.8090169943749475f,0.587785252292473f,0.375f,-1.2246467991473532e-16f,0.587785252292473f,-0.8090169943749475f,-1.5308084989341915e-17f,0f,0f,0f,1f],start_interpolation:0}
execute if entity @s[tag=aj.neco_arc.bone.r_legs] run data modify entity @s {} merge value {transformation:[-1f,7.198293278059965e-17f,9.907600726170916e-17f,0.125f,0f,0.8090169943749475f,-0.587785252292473f,0.375f,-1.2246467991473532e-16f,-0.587785252292473f,-0.8090169943749475f,1.5308084989341915e-17f,0f,0f,0f,1f],start_interpolation:0}