execute if entity @s[tag=aj.neco_arc.bone.l_arm] run data modify entity @s {} merge value {transformation:[-0.9999998421369724f,0.00045463145266728977f,0.00033020640917374246f,-0.125f,0.0005344197834731063f,0.9510560639681803f,0.30901792437469955f,0.8125f,-0.00017355553994714558f,0.30901805206103206f,-0.951056156795633f,-1.5308084989341915e-17f,0f,0f,0f,1f],start_interpolation:0}
execute if entity @s[tag=aj.neco_arc.bone.r_arm] run data modify entity @s {} merge value {transformation:[-1f,3.78436673043415e-17f,1.1647083184890926e-16f,0.125f,0f,0.9510565162951536f,-0.3090169943749474f,0.8125f,-1.2246467991473532e-16f,-0.3090169943749474f,-0.9510565162951536f,1.5308084989341915e-17f,0f,0f,0f,1f],start_interpolation:0}
execute if entity @s[tag=aj.neco_arc.bone.l_legs] run data modify entity @s {} merge value {transformation:[-1f,3.78436673043415e-17f,1.1647083184890926e-16f,-0.125f,0f,0.9510565162951536f,-0.3090169943749474f,0.375f,-1.2246467991473532e-16f,-0.3090169943749474f,-0.9510565162951536f,-1.5308084989341915e-17f,0f,0f,0f,1f],start_interpolation:0}
execute if entity @s[tag=aj.neco_arc.bone.r_legs] run data modify entity @s {} merge value {transformation:[-1f,-3.78436673043415e-17f,1.1647083184890926e-16f,0.125f,0f,0.9510565162951536f,0.3090169943749474f,0.375f,-1.2246467991473532e-16f,0.3090169943749474f,-0.9510565162951536f,1.5308084989341915e-17f,0f,0f,0f,1f],start_interpolation:0}